{
 "cells": [
  {
   "cell_type": "code",
   "execution_count": 8,
   "id": "b8d3e8b4-4141-4aab-9711-773b4cda4acc",
   "metadata": {
    "extensions": {
     "jupyter_dashboards": {
      "activeView": "grid_default",
      "views": {
       "grid_default": {
        "col": null,
        "height": 2,
        "hidden": true,
        "locked": true,
        "row": null,
        "width": 2
       }
      }
     }
    }
   },
   "outputs": [
    {
     "name": "stdout",
     "output_type": "stream",
     "text": [
      "/root/jupyter_notebooks/getting_started/matmul_optimized\n",
      "in1: [[0.4068581  0.8251644  0.09127817 0.724074   0.80017054 0.91021794\n",
      "  0.08202469 0.24842662 0.37958604 0.17238544 0.81061816 0.15323539\n",
      "  0.27111435 0.413527   0.44505423 0.68076867]\n",
      " [0.8697408  0.47912407 0.84953266 0.8350767  0.82387906 0.08111807\n",
      "  0.57411397 0.60015184 0.7826038  0.12712641 0.09214804 0.12401974\n",
      "  0.55914587 0.5455956  0.6821774  0.03586835]\n",
      " [0.93145114 0.8203468  0.11421246 0.03692262 0.29452935 0.10305831\n",
      "  0.3085492  0.7107653  0.15697613 0.37687343 0.83751726 0.4015506\n",
      "  0.76944464 0.39337197 0.40998185 0.03694012]\n",
      " [0.6158728  0.6970234  0.16730013 0.8124075  0.15028954 0.65073884\n",
      "  0.9249513  0.08911657 0.9744537  0.80413157 0.6568151  0.24346128\n",
      "  0.49344435 0.78788763 0.7946434  0.52588874]\n",
      " [0.5596032  0.32411522 0.81143445 0.7861269  0.7363255  0.71378785\n",
      "  0.74670213 0.68992096 0.52561826 0.51644415 0.20558585 0.5863301\n",
      "  0.42781976 0.747629   0.46435043 0.83467484]\n",
      " [0.45270276 0.56685936 0.8146346  0.8121821  0.6940646  0.4779981\n",
      "  0.6567357  0.39400807 0.7852717  0.8851103  0.43923324 0.22382969\n",
      "  0.8696317  0.31587932 0.60233796 0.4875668 ]\n",
      " [0.25299972 0.12672372 0.50227547 0.99196947 0.49687773 0.8668934\n",
      "  0.6115662  0.83332103 0.9792265  0.16727224 0.25166607 0.01405266\n",
      "  0.45137772 0.37379107 0.13469219 0.45962882]\n",
      " [0.2571158  0.8782509  0.9141567  0.88297164 0.02310078 0.039944\n",
      "  0.03964343 0.7933176  0.9701238  0.98740387 0.725688   0.05488349\n",
      "  0.02321795 0.97266483 0.6861622  0.7519729 ]\n",
      " [0.6776383  0.9633948  0.7706434  0.6833261  0.60986936 0.05671379\n",
      "  0.74867076 0.07443386 0.2798167  0.29362336 0.8339123  0.36484236\n",
      "  0.83220714 0.15261056 0.9742263  0.20794675]\n",
      " [0.61980385 0.9850203  0.29130033 0.7347877  0.88191164 0.91100234\n",
      "  0.5917496  0.01098822 0.69414586 0.15897392 0.1964762  0.91957307\n",
      "  0.1864777  0.7064429  0.3403348  0.5920504 ]\n",
      " [0.65484893 0.20888673 0.7661145  0.8456377  0.67843443 0.14535843\n",
      "  0.71201354 0.9545055  0.13496207 0.9223268  0.2614726  0.6892545\n",
      "  0.7787523  0.5075565  0.07609566 0.8361088 ]\n",
      " [0.6203721  0.29180676 0.43352258 0.97174245 0.61969316 0.4135588\n",
      "  0.07131884 0.7832245  0.5134401  0.4384329  0.9618151  0.7661023\n",
      "  0.46762228 0.3323075  0.25111    0.18827632]\n",
      " [0.99397516 0.12023202 0.5804891  0.10675564 0.46315694 0.03755752\n",
      "  0.20884322 0.8251362  0.3035821  0.30794027 0.07772701 0.6712692\n",
      "  0.9344438  0.93185824 0.48006827 0.57991016]\n",
      " [0.49779916 0.5829873  0.5304338  0.9941485  0.5743879  0.13276064\n",
      "  0.67727685 0.31587878 0.05887493 0.7641095  0.76356274 0.83867204\n",
      "  0.500917   0.21256141 0.5091168  0.18368421]\n",
      " [0.89841735 0.42404416 0.49151605 0.4504986  0.10919861 0.43685883\n",
      "  0.28835702 0.5380165  0.58239555 0.6844568  0.7017846  0.9567517\n",
      "  0.65159726 0.01983427 0.37687904 0.1190582 ]\n",
      " [0.86166376 0.8219156  0.27283004 0.2583573  0.6042595  0.4482643\n",
      "  0.07602085 0.6686862  0.79670936 0.3024434  0.20267291 0.61663693\n",
      "  0.42355508 0.06962877 0.13393882 0.9714867 ]]\n",
      "in2: [[0.24384546 0.36159566 0.14329387 0.9835177  0.7216411  0.6184073\n",
      "  0.6854629  0.6367969  0.02847607 0.7437429  0.8129392  0.49990928\n",
      "  0.00598652 0.8511192  0.90377295 0.78564733]\n",
      " [0.28634754 0.42939717 0.99750614 0.2862392  0.19633734 0.19573545\n",
      "  0.65095687 0.86780816 0.45316157 0.51766396 0.9176222  0.779797\n",
      "  0.51782644 0.06145979 0.14995953 0.436744  ]\n",
      " [0.10783052 0.18712495 0.18708088 0.53177035 0.77816826 0.01397707\n",
      "  0.2709407  0.66982144 0.97524    0.67763114 0.15753317 0.6408185\n",
      "  0.29263976 0.40209153 0.5289377  0.21996735]\n",
      " [0.66576874 0.3325782  0.8285057  0.17323893 0.5693708  0.3900275\n",
      "  0.22138557 0.5769155  0.03395385 0.77611923 0.01152015 0.8181863\n",
      "  0.2680634  0.9780657  0.3917048  0.79409283]\n",
      " [0.04931463 0.2910774  0.7584874  0.20136704 0.910191   0.949811\n",
      "  0.64634794 0.57194203 0.7505911  0.40279347 0.04682191 0.18977608\n",
      "  0.17550753 0.04347584 0.3302041  0.27848613]\n",
      " [0.5794218  0.9007705  0.8598306  0.24768178 0.41742143 0.49224386\n",
      "  0.951999   0.50049907 0.972018   0.34651178 0.8022638  0.20456192\n",
      "  0.38443968 0.5664113  0.6965368  0.41030714]\n",
      " [0.86506176 0.99349576 0.01164275 0.15290408 0.41231838 0.26056445\n",
      "  0.51049423 0.09863913 0.3288757  0.45745152 0.77221775 0.2663643\n",
      "  0.88538593 0.289041   0.06499619 0.44152257]\n",
      " [0.9773791  0.49047408 0.1022722  0.05937089 0.18356173 0.74162126\n",
      "  0.0494088  0.7936271  0.26393703 0.7174245  0.93549377 0.31902108\n",
      "  0.5160865  0.44273463 0.23883337 0.19258222]\n",
      " [0.60577244 0.43746877 0.81323624 0.09906676 0.97556543 0.10276006\n",
      "  0.18209858 0.98374265 0.22240542 0.59476584 0.5401769  0.05910462\n",
      "  0.28391793 0.36690876 0.91474897 0.12803692]\n",
      " [0.20114042 0.03536816 0.5824118  0.67168874 0.11932501 0.5793502\n",
      "  0.57304525 0.98919165 0.4794021  0.76562846 0.18425018 0.34822175\n",
      "  0.33967212 0.44772172 0.24586922 0.75825053]\n",
      " [0.8040421  0.43176243 0.21539718 0.85527414 0.23845555 0.9446646\n",
      "  0.80955344 0.35018265 0.56018007 0.10218084 0.70970464 0.6078733\n",
      "  0.66517234 0.07672319 0.90623516 0.4580965 ]\n",
      " [0.25130472 0.26733133 0.23309663 0.01946049 0.9864334  0.7730326\n",
      "  0.33682975 0.20054625 0.0595088  0.04369251 0.7113076  0.11326042\n",
      "  0.6375397  0.4866658  0.34747195 0.8462416 ]\n",
      " [0.97260886 0.8165388  0.03921822 0.00785832 0.860358   0.9463531\n",
      "  0.9492561  0.29544854 0.9394737  0.76968443 0.46353498 0.15285736\n",
      "  0.27129802 0.43927354 0.18827765 0.89538383]\n",
      " [0.47106102 0.21136095 0.00220869 0.75831735 0.6032424  0.74032617\n",
      "  0.76748013 0.9431839  0.67569304 0.76304424 0.7198255  0.86157346\n",
      "  0.5140655  0.7503751  0.8213007  0.68672633]\n",
      " [0.61599237 0.06100018 0.12130172 0.7365509  0.22229744 0.35380587\n",
      "  0.9533672  0.30558428 0.4912592  0.59811306 0.74507767 0.7627945\n",
      "  0.84544104 0.3197706  0.02802148 0.9410308 ]\n",
      " [0.7819853  0.2782807  0.8608761  0.2433054  0.63129854 0.7704168\n",
      "  0.61534125 0.8093639  0.00529939 0.3219727  0.1006166  0.63146645\n",
      "  0.90161437 0.9131021  0.9510484  0.21623121]]\n"
     ]
    }
   ],
   "source": [
    "import numpy as np\n",
    "import os\n",
    "print(os.getcwd())\n",
    "\n",
    "dim0 = 16\n",
    "\n",
    "in1 = np.random.rand(dim0, dim0).astype(np.float32)\n",
    "in2 = np.random.rand(dim0, dim0).astype(np.float32)\n",
    "\n",
    "print(\"in1:\", in1)\n",
    "print(\"in2:\", in2)"
   ]
  },
  {
   "cell_type": "code",
   "execution_count": 9,
   "id": "5c74cc23-73b0-4efa-b003-27aa869e52b9",
   "metadata": {
    "extensions": {
     "jupyter_dashboards": {
      "activeView": "grid_default",
      "views": {
       "grid_default": {
        "col": null,
        "height": 2,
        "hidden": true,
        "locked": true,
        "row": null,
        "width": 2
       }
      }
     }
    }
   },
   "outputs": [],
   "source": [
    "in1_py = np.resize(in1, (16,16))\n",
    "in2_py = np.resize(in2, (16,16))"
   ]
  },
  {
   "cell_type": "code",
   "execution_count": 10,
   "id": "e1713c74-9f34-42a6-b341-80ea0a32d8bd",
   "metadata": {
    "extensions": {
     "jupyter_dashboards": {
      "activeView": "grid_default",
      "views": {
       "grid_default": {
        "col": null,
        "height": 2,
        "hidden": true,
        "locked": true,
        "row": null,
        "width": 2
       }
      }
     }
    }
   },
   "outputs": [
    {
     "name": "stdout",
     "output_type": "stream",
     "text": [
      "SW matrix mul exe time: 0.0006318092346191406s\n"
     ]
    }
   ],
   "source": [
    "import time\n",
    "start_time = time.time()\n",
    "out_py = np.dot(in1_py,in2_py)\n",
    "end_time = time.time()\n",
    "python_time = end_time - start_time\n",
    "print(\"SW matrix mul exe time: {}s\".format(end_time - start_time))"
   ]
  },
  {
   "cell_type": "code",
   "execution_count": 11,
   "id": "c23eccd5-0dc2-4131-8980-1d6810e116d5",
   "metadata": {
    "extensions": {
     "jupyter_dashboards": {
      "activeView": "grid_default",
      "views": {
       "grid_default": {
        "col": null,
        "height": 2,
        "hidden": true,
        "locked": true,
        "row": null,
        "width": 2
       }
      }
     }
    }
   },
   "outputs": [
    {
     "name": "stdout",
     "output_type": "stream",
     "text": [
      "the result of software matmul:  [[3.9279087 3.1039653 4.1853027 2.8830185 3.873336  4.378223  4.7326217\n",
      "  4.588159  3.4636571 3.6638973 3.9186413 3.6965895 3.421141  3.3724768\n",
      "  4.0142922 3.7285283]\n",
      " [4.021714  3.1778235 3.1120677 3.071842  4.8963313 3.9254022 4.2092586\n",
      "  4.93524   3.6664724 5.0157113 4.162167  3.812522  3.1665807 3.7588637\n",
      "  3.6238968 4.243137 ]\n",
      " [3.6950822 2.8541024 2.1257534 3.0003781 3.319603  4.2195373 4.196434\n",
      "  3.871977  3.0201468 3.6634176 4.5113115 3.0823462 2.9815757 2.684285\n",
      "  3.0478976 3.9241526]\n",
      " [5.2735224 3.9837186 4.2105517 3.890853  4.832039  4.717913  5.7005653\n",
      "  5.7416916 3.9709547 5.234434  5.2574325 4.516695  4.5996237 4.5395036\n",
      "  4.683468  5.2904067]\n",
      " [5.052246  3.9539995 4.1605897 3.3926418 5.600199  5.2507796 5.2509766\n",
      "  5.900766  4.3091836 5.3253207 4.826858  4.3935075 4.5209384 4.933711\n",
      "  4.744346  4.907612 ]\n",
      " [4.975733  3.881557  4.26949   3.4243464 5.286382  4.9039297 5.361607\n",
      "  5.7883987 4.5846343 5.467802  4.504118  4.2044215 4.1483536 4.2911296\n",
      "  4.2576003 5.0127616]\n",
      " [4.5730762 3.642015  3.6748803 2.1047182 4.3654184 3.802989  3.7206507\n",
      "  4.7383313 3.4098332 4.3401403 3.7563574 3.113879  3.226135  3.8554676\n",
      "  3.9112656 3.3432581]\n",
      " [4.709586  2.6689765 4.215701  4.0182495 4.2971573 4.292206  4.537379\n",
      "  6.6530943 3.7244132 5.38315   4.532836  5.08617   4.317401  4.4168305\n",
      "  4.7654886 4.429758 ]\n",
      " [4.397254  3.458553  3.2894766 3.5618598 4.590705  4.416474  5.266807\n",
      "  4.4748244 4.0658917 4.6154613 4.5850134 4.2936053 4.0235844 3.3793094\n",
      "  3.4572484 4.964195 ]\n",
      " [4.0760937 3.743615  4.6684923 2.961479  5.400819  4.6510825 5.1418505\n",
      "  5.293897  3.7362761 4.359626  4.807382  3.9712653 4.0339184 4.2040215\n",
      "  4.4761705 4.6254854]\n",
      " [4.879568  3.6243298 3.5162117 3.1163154 5.2431026 5.5075693 4.679923\n",
      "  5.571518  3.8018293 5.2494283 4.231444  4.034245  4.1162653 4.774243\n",
      "  4.1466126 4.9104385]\n",
      " [4.304264  3.141814  3.4429858 3.0464869 4.6211905 4.947457  4.2527475\n",
      "  4.7992587 3.399956  4.244957  4.2478275 3.6042905 3.379915  3.837543\n",
      "  4.161116  4.417452 ]\n",
      " [4.0162487 2.8433511 2.1254346 3.0478106 4.780726  4.8054776 4.360515\n",
      "  4.68301   3.368225  4.5225196 4.269372  3.3909705 3.3049035 4.0329485\n",
      "  3.8183038 4.371195 ]\n",
      " [4.0658956 3.1175845 3.2586327 3.1548798 4.31427   4.61018   4.529788\n",
      "  4.366286  3.4180636 4.262944  4.080628  3.8668587 3.8011658 3.621432\n",
      "  3.291858  4.8858585]\n",
      " [3.9907513 3.1545372 2.9539976 3.0136237 4.36244   4.329394  4.2400217\n",
      "  4.376119  3.174876  4.0480165 4.5120764 3.1089704 3.2972057 3.5726416\n",
      "  3.7318037 4.4996133]\n",
      " [3.8040736 3.0353162 4.0022483 2.4151616 4.553205  4.2820725 4.017103\n",
      "  4.997507  2.7509358 3.890058  4.085361  3.0836558 3.2673774 3.6560593\n",
      "  4.0896196 3.5248199]]\n"
     ]
    }
   ],
   "source": [
    "print(\"the result of software matmul: \", out_py)"
   ]
  },
  {
   "cell_type": "code",
   "execution_count": 12,
   "id": "e1c9fa03-59c2-4d64-9b41-b05bfbe99b09",
   "metadata": {
    "extensions": {
     "jupyter_dashboards": {
      "activeView": "grid_default",
      "views": {
       "grid_default": {
        "col": null,
        "height": 2,
        "hidden": true,
        "locked": true,
        "row": null,
        "width": 2
       }
      }
     }
    },
    "tags": []
   },
   "outputs": [
    {
     "data": {
      "application/javascript": [
       "\n",
       "try {\n",
       "require(['notebook/js/codecell'], function(codecell) {\n",
       "  codecell.CodeCell.options_default.highlight_modes[\n",
       "      'magic_text/x-csrc'] = {'reg':[/^%%microblaze/]};\n",
       "  Jupyter.notebook.events.one('kernel_ready.Kernel', function(){\n",
       "      Jupyter.notebook.get_cells().map(function(cell){\n",
       "          if (cell.cell_type == 'code'){ cell.auto_highlight(); } }) ;\n",
       "  });\n",
       "});\n",
       "} catch (e) {};\n"
      ]
     },
     "metadata": {},
     "output_type": "display_data"
    },
    {
     "data": {
      "application/javascript": [
       "\n",
       "try {\n",
       "require(['notebook/js/codecell'], function(codecell) {\n",
       "  codecell.CodeCell.options_default.highlight_modes[\n",
       "      'magic_text/x-csrc'] = {'reg':[/^%%pybind11/]};\n",
       "  Jupyter.notebook.events.one('kernel_ready.Kernel', function(){\n",
       "      Jupyter.notebook.get_cells().map(function(cell){\n",
       "          if (cell.cell_type == 'code'){ cell.auto_highlight(); } }) ;\n",
       "  });\n",
       "});\n",
       "} catch (e) {};\n"
      ]
     },
     "metadata": {},
     "output_type": "display_data"
    }
   ],
   "source": [
    "from pynq import Overlay\n",
    "overlay_baseline = Overlay(\"matmult_optimized.bit\")\n",
    "baseline = overlay_baseline.matmul_optimized_0"
   ]
  },
  {
   "cell_type": "code",
   "execution_count": 13,
   "id": "e3e858b6-8ed5-4298-a779-03b76a26c680",
   "metadata": {},
   "outputs": [],
   "source": [
    "from pynq import allocate\n",
    "input1_buffer0 = allocate(shape=(dim0*dim0,), dtype='f4')\n",
    "input2_buffer0 = allocate(shape=(dim0*dim0,), dtype='f4')\n",
    "output_buffer0 = allocate(shape=(dim0*dim0,), dtype='f4')"
   ]
  },
  {
   "cell_type": "code",
   "execution_count": 14,
   "id": "8c1c6cbb-1b54-4cd6-961e-ad6abc980a26",
   "metadata": {},
   "outputs": [
    {
     "name": "stdout",
     "output_type": "stream",
     "text": [
      "input1_buffer0: [0.4068581  0.8251644  0.09127817 0.724074   0.80017054 0.91021794\n",
      " 0.08202469 0.24842662 0.37958604 0.17238544 0.81061816 0.15323539\n",
      " 0.27111435 0.413527   0.44505423 0.68076867 0.8697408  0.47912407\n",
      " 0.84953266 0.8350767  0.82387906 0.08111807 0.57411397 0.60015184\n",
      " 0.7826038  0.12712641 0.09214804 0.12401974 0.55914587 0.5455956\n",
      " 0.6821774  0.03586835 0.93145114 0.8203468  0.11421246 0.03692262\n",
      " 0.29452935 0.10305831 0.3085492  0.7107653  0.15697613 0.37687343\n",
      " 0.83751726 0.4015506  0.76944464 0.39337197 0.40998185 0.03694012\n",
      " 0.6158728  0.6970234  0.16730013 0.8124075  0.15028954 0.65073884\n",
      " 0.9249513  0.08911657 0.9744537  0.80413157 0.6568151  0.24346128\n",
      " 0.49344435 0.78788763 0.7946434  0.52588874 0.5596032  0.32411522\n",
      " 0.81143445 0.7861269  0.7363255  0.71378785 0.74670213 0.68992096\n",
      " 0.52561826 0.51644415 0.20558585 0.5863301  0.42781976 0.747629\n",
      " 0.46435043 0.83467484 0.45270276 0.56685936 0.8146346  0.8121821\n",
      " 0.6940646  0.4779981  0.6567357  0.39400807 0.7852717  0.8851103\n",
      " 0.43923324 0.22382969 0.8696317  0.31587932 0.60233796 0.4875668\n",
      " 0.25299972 0.12672372 0.50227547 0.99196947 0.49687773 0.8668934\n",
      " 0.6115662  0.83332103 0.9792265  0.16727224 0.25166607 0.01405266\n",
      " 0.45137772 0.37379107 0.13469219 0.45962882 0.2571158  0.8782509\n",
      " 0.9141567  0.88297164 0.02310078 0.039944   0.03964343 0.7933176\n",
      " 0.9701238  0.98740387 0.725688   0.05488349 0.02321795 0.97266483\n",
      " 0.6861622  0.7519729  0.6776383  0.9633948  0.7706434  0.6833261\n",
      " 0.60986936 0.05671379 0.74867076 0.07443386 0.2798167  0.29362336\n",
      " 0.8339123  0.36484236 0.83220714 0.15261056 0.9742263  0.20794675\n",
      " 0.61980385 0.9850203  0.29130033 0.7347877  0.88191164 0.91100234\n",
      " 0.5917496  0.01098822 0.69414586 0.15897392 0.1964762  0.91957307\n",
      " 0.1864777  0.7064429  0.3403348  0.5920504  0.65484893 0.20888673\n",
      " 0.7661145  0.8456377  0.67843443 0.14535843 0.71201354 0.9545055\n",
      " 0.13496207 0.9223268  0.2614726  0.6892545  0.7787523  0.5075565\n",
      " 0.07609566 0.8361088  0.6203721  0.29180676 0.43352258 0.97174245\n",
      " 0.61969316 0.4135588  0.07131884 0.7832245  0.5134401  0.4384329\n",
      " 0.9618151  0.7661023  0.46762228 0.3323075  0.25111    0.18827632\n",
      " 0.99397516 0.12023202 0.5804891  0.10675564 0.46315694 0.03755752\n",
      " 0.20884322 0.8251362  0.3035821  0.30794027 0.07772701 0.6712692\n",
      " 0.9344438  0.93185824 0.48006827 0.57991016 0.49779916 0.5829873\n",
      " 0.5304338  0.9941485  0.5743879  0.13276064 0.67727685 0.31587878\n",
      " 0.05887493 0.7641095  0.76356274 0.83867204 0.500917   0.21256141\n",
      " 0.5091168  0.18368421 0.89841735 0.42404416 0.49151605 0.4504986\n",
      " 0.10919861 0.43685883 0.28835702 0.5380165  0.58239555 0.6844568\n",
      " 0.7017846  0.9567517  0.65159726 0.01983427 0.37687904 0.1190582\n",
      " 0.86166376 0.8219156  0.27283004 0.2583573  0.6042595  0.4482643\n",
      " 0.07602085 0.6686862  0.79670936 0.3024434  0.20267291 0.61663693\n",
      " 0.42355508 0.06962877 0.13393882 0.9714867 ]\n",
      "input2_buffer0: [0.24384546 0.36159566 0.14329387 0.9835177  0.7216411  0.6184073\n",
      " 0.6854629  0.6367969  0.02847607 0.7437429  0.8129392  0.49990928\n",
      " 0.00598652 0.8511192  0.90377295 0.78564733 0.28634754 0.42939717\n",
      " 0.99750614 0.2862392  0.19633734 0.19573545 0.65095687 0.86780816\n",
      " 0.45316157 0.51766396 0.9176222  0.779797   0.51782644 0.06145979\n",
      " 0.14995953 0.436744   0.10783052 0.18712495 0.18708088 0.53177035\n",
      " 0.77816826 0.01397707 0.2709407  0.66982144 0.97524    0.67763114\n",
      " 0.15753317 0.6408185  0.29263976 0.40209153 0.5289377  0.21996735\n",
      " 0.66576874 0.3325782  0.8285057  0.17323893 0.5693708  0.3900275\n",
      " 0.22138557 0.5769155  0.03395385 0.77611923 0.01152015 0.8181863\n",
      " 0.2680634  0.9780657  0.3917048  0.79409283 0.04931463 0.2910774\n",
      " 0.7584874  0.20136704 0.910191   0.949811   0.64634794 0.57194203\n",
      " 0.7505911  0.40279347 0.04682191 0.18977608 0.17550753 0.04347584\n",
      " 0.3302041  0.27848613 0.5794218  0.9007705  0.8598306  0.24768178\n",
      " 0.41742143 0.49224386 0.951999   0.50049907 0.972018   0.34651178\n",
      " 0.8022638  0.20456192 0.38443968 0.5664113  0.6965368  0.41030714\n",
      " 0.86506176 0.99349576 0.01164275 0.15290408 0.41231838 0.26056445\n",
      " 0.51049423 0.09863913 0.3288757  0.45745152 0.77221775 0.2663643\n",
      " 0.88538593 0.289041   0.06499619 0.44152257 0.9773791  0.49047408\n",
      " 0.1022722  0.05937089 0.18356173 0.74162126 0.0494088  0.7936271\n",
      " 0.26393703 0.7174245  0.93549377 0.31902108 0.5160865  0.44273463\n",
      " 0.23883337 0.19258222 0.60577244 0.43746877 0.81323624 0.09906676\n",
      " 0.97556543 0.10276006 0.18209858 0.98374265 0.22240542 0.59476584\n",
      " 0.5401769  0.05910462 0.28391793 0.36690876 0.91474897 0.12803692\n",
      " 0.20114042 0.03536816 0.5824118  0.67168874 0.11932501 0.5793502\n",
      " 0.57304525 0.98919165 0.4794021  0.76562846 0.18425018 0.34822175\n",
      " 0.33967212 0.44772172 0.24586922 0.75825053 0.8040421  0.43176243\n",
      " 0.21539718 0.85527414 0.23845555 0.9446646  0.80955344 0.35018265\n",
      " 0.56018007 0.10218084 0.70970464 0.6078733  0.66517234 0.07672319\n",
      " 0.90623516 0.4580965  0.25130472 0.26733133 0.23309663 0.01946049\n",
      " 0.9864334  0.7730326  0.33682975 0.20054625 0.0595088  0.04369251\n",
      " 0.7113076  0.11326042 0.6375397  0.4866658  0.34747195 0.8462416\n",
      " 0.97260886 0.8165388  0.03921822 0.00785832 0.860358   0.9463531\n",
      " 0.9492561  0.29544854 0.9394737  0.76968443 0.46353498 0.15285736\n",
      " 0.27129802 0.43927354 0.18827765 0.89538383 0.47106102 0.21136095\n",
      " 0.00220869 0.75831735 0.6032424  0.74032617 0.76748013 0.9431839\n",
      " 0.67569304 0.76304424 0.7198255  0.86157346 0.5140655  0.7503751\n",
      " 0.8213007  0.68672633 0.61599237 0.06100018 0.12130172 0.7365509\n",
      " 0.22229744 0.35380587 0.9533672  0.30558428 0.4912592  0.59811306\n",
      " 0.74507767 0.7627945  0.84544104 0.3197706  0.02802148 0.9410308\n",
      " 0.7819853  0.2782807  0.8608761  0.2433054  0.63129854 0.7704168\n",
      " 0.61534125 0.8093639  0.00529939 0.3219727  0.1006166  0.63146645\n",
      " 0.90161437 0.9131021  0.9510484  0.21623121]\n",
      "output_buffer0: [0. 0. 0. 0. 0. 0. 0. 0. 0. 0. 0. 0. 0. 0. 0. 0. 0. 0. 0. 0. 0. 0. 0. 0.\n",
      " 0. 0. 0. 0. 0. 0. 0. 0. 0. 0. 0. 0. 0. 0. 0. 0. 0. 0. 0. 0. 0. 0. 0. 0.\n",
      " 0. 0. 0. 0. 0. 0. 0. 0. 0. 0. 0. 0. 0. 0. 0. 0. 0. 0. 0. 0. 0. 0. 0. 0.\n",
      " 0. 0. 0. 0. 0. 0. 0. 0. 0. 0. 0. 0. 0. 0. 0. 0. 0. 0. 0. 0. 0. 0. 0. 0.\n",
      " 0. 0. 0. 0. 0. 0. 0. 0. 0. 0. 0. 0. 0. 0. 0. 0. 0. 0. 0. 0. 0. 0. 0. 0.\n",
      " 0. 0. 0. 0. 0. 0. 0. 0. 0. 0. 0. 0. 0. 0. 0. 0. 0. 0. 0. 0. 0. 0. 0. 0.\n",
      " 0. 0. 0. 0. 0. 0. 0. 0. 0. 0. 0. 0. 0. 0. 0. 0. 0. 0. 0. 0. 0. 0. 0. 0.\n",
      " 0. 0. 0. 0. 0. 0. 0. 0. 0. 0. 0. 0. 0. 0. 0. 0. 0. 0. 0. 0. 0. 0. 0. 0.\n",
      " 0. 0. 0. 0. 0. 0. 0. 0. 0. 0. 0. 0. 0. 0. 0. 0. 0. 0. 0. 0. 0. 0. 0. 0.\n",
      " 0. 0. 0. 0. 0. 0. 0. 0. 0. 0. 0. 0. 0. 0. 0. 0. 0. 0. 0. 0. 0. 0. 0. 0.\n",
      " 0. 0. 0. 0. 0. 0. 0. 0. 0. 0. 0. 0. 0. 0. 0. 0.]\n"
     ]
    }
   ],
   "source": [
    "np.copyto(input1_buffer0, in1.flatten())\n",
    "np.copyto(input2_buffer0, in2.flatten())\n",
    "\n",
    "print(\"input1_buffer0:\", input1_buffer0)\n",
    "print(\"input2_buffer0:\", input2_buffer0)\n",
    "print(\"output_buffer0:\", output_buffer0)"
   ]
  },
  {
   "cell_type": "code",
   "execution_count": 15,
   "id": "2fce56f8-8032-4fc1-8eb3-63d7f0460700",
   "metadata": {},
   "outputs": [
    {
     "name": "stdout",
     "output_type": "stream",
     "text": [
      "input1_buffer0: [0.4068581  0.8251644  0.09127817 0.724074   0.80017054 0.91021794\n",
      " 0.08202469 0.24842662 0.37958604 0.17238544 0.81061816 0.15323539\n",
      " 0.27111435 0.413527   0.44505423 0.68076867 0.8697408  0.47912407\n",
      " 0.84953266 0.8350767  0.82387906 0.08111807 0.57411397 0.60015184\n",
      " 0.7826038  0.12712641 0.09214804 0.12401974 0.55914587 0.5455956\n",
      " 0.6821774  0.03586835 0.93145114 0.8203468  0.11421246 0.03692262\n",
      " 0.29452935 0.10305831 0.3085492  0.7107653  0.15697613 0.37687343\n",
      " 0.83751726 0.4015506  0.76944464 0.39337197 0.40998185 0.03694012\n",
      " 0.6158728  0.6970234  0.16730013 0.8124075  0.15028954 0.65073884\n",
      " 0.9249513  0.08911657 0.9744537  0.80413157 0.6568151  0.24346128\n",
      " 0.49344435 0.78788763 0.7946434  0.52588874 0.5596032  0.32411522\n",
      " 0.81143445 0.7861269  0.7363255  0.71378785 0.74670213 0.68992096\n",
      " 0.52561826 0.51644415 0.20558585 0.5863301  0.42781976 0.747629\n",
      " 0.46435043 0.83467484 0.45270276 0.56685936 0.8146346  0.8121821\n",
      " 0.6940646  0.4779981  0.6567357  0.39400807 0.7852717  0.8851103\n",
      " 0.43923324 0.22382969 0.8696317  0.31587932 0.60233796 0.4875668\n",
      " 0.25299972 0.12672372 0.50227547 0.99196947 0.49687773 0.8668934\n",
      " 0.6115662  0.83332103 0.9792265  0.16727224 0.25166607 0.01405266\n",
      " 0.45137772 0.37379107 0.13469219 0.45962882 0.2571158  0.8782509\n",
      " 0.9141567  0.88297164 0.02310078 0.039944   0.03964343 0.7933176\n",
      " 0.9701238  0.98740387 0.725688   0.05488349 0.02321795 0.97266483\n",
      " 0.6861622  0.7519729  0.6776383  0.9633948  0.7706434  0.6833261\n",
      " 0.60986936 0.05671379 0.74867076 0.07443386 0.2798167  0.29362336\n",
      " 0.8339123  0.36484236 0.83220714 0.15261056 0.9742263  0.20794675\n",
      " 0.61980385 0.9850203  0.29130033 0.7347877  0.88191164 0.91100234\n",
      " 0.5917496  0.01098822 0.69414586 0.15897392 0.1964762  0.91957307\n",
      " 0.1864777  0.7064429  0.3403348  0.5920504  0.65484893 0.20888673\n",
      " 0.7661145  0.8456377  0.67843443 0.14535843 0.71201354 0.9545055\n",
      " 0.13496207 0.9223268  0.2614726  0.6892545  0.7787523  0.5075565\n",
      " 0.07609566 0.8361088  0.6203721  0.29180676 0.43352258 0.97174245\n",
      " 0.61969316 0.4135588  0.07131884 0.7832245  0.5134401  0.4384329\n",
      " 0.9618151  0.7661023  0.46762228 0.3323075  0.25111    0.18827632\n",
      " 0.99397516 0.12023202 0.5804891  0.10675564 0.46315694 0.03755752\n",
      " 0.20884322 0.8251362  0.3035821  0.30794027 0.07772701 0.6712692\n",
      " 0.9344438  0.93185824 0.48006827 0.57991016 0.49779916 0.5829873\n",
      " 0.5304338  0.9941485  0.5743879  0.13276064 0.67727685 0.31587878\n",
      " 0.05887493 0.7641095  0.76356274 0.83867204 0.500917   0.21256141\n",
      " 0.5091168  0.18368421 0.89841735 0.42404416 0.49151605 0.4504986\n",
      " 0.10919861 0.43685883 0.28835702 0.5380165  0.58239555 0.6844568\n",
      " 0.7017846  0.9567517  0.65159726 0.01983427 0.37687904 0.1190582\n",
      " 0.86166376 0.8219156  0.27283004 0.2583573  0.6042595  0.4482643\n",
      " 0.07602085 0.6686862  0.79670936 0.3024434  0.20267291 0.61663693\n",
      " 0.42355508 0.06962877 0.13393882 0.9714867 ]\n",
      "input2_buffer0: [0.24384546 0.36159566 0.14329387 0.9835177  0.7216411  0.6184073\n",
      " 0.6854629  0.6367969  0.02847607 0.7437429  0.8129392  0.49990928\n",
      " 0.00598652 0.8511192  0.90377295 0.78564733 0.28634754 0.42939717\n",
      " 0.99750614 0.2862392  0.19633734 0.19573545 0.65095687 0.86780816\n",
      " 0.45316157 0.51766396 0.9176222  0.779797   0.51782644 0.06145979\n",
      " 0.14995953 0.436744   0.10783052 0.18712495 0.18708088 0.53177035\n",
      " 0.77816826 0.01397707 0.2709407  0.66982144 0.97524    0.67763114\n",
      " 0.15753317 0.6408185  0.29263976 0.40209153 0.5289377  0.21996735\n",
      " 0.66576874 0.3325782  0.8285057  0.17323893 0.5693708  0.3900275\n",
      " 0.22138557 0.5769155  0.03395385 0.77611923 0.01152015 0.8181863\n",
      " 0.2680634  0.9780657  0.3917048  0.79409283 0.04931463 0.2910774\n",
      " 0.7584874  0.20136704 0.910191   0.949811   0.64634794 0.57194203\n",
      " 0.7505911  0.40279347 0.04682191 0.18977608 0.17550753 0.04347584\n",
      " 0.3302041  0.27848613 0.5794218  0.9007705  0.8598306  0.24768178\n",
      " 0.41742143 0.49224386 0.951999   0.50049907 0.972018   0.34651178\n",
      " 0.8022638  0.20456192 0.38443968 0.5664113  0.6965368  0.41030714\n",
      " 0.86506176 0.99349576 0.01164275 0.15290408 0.41231838 0.26056445\n",
      " 0.51049423 0.09863913 0.3288757  0.45745152 0.77221775 0.2663643\n",
      " 0.88538593 0.289041   0.06499619 0.44152257 0.9773791  0.49047408\n",
      " 0.1022722  0.05937089 0.18356173 0.74162126 0.0494088  0.7936271\n",
      " 0.26393703 0.7174245  0.93549377 0.31902108 0.5160865  0.44273463\n",
      " 0.23883337 0.19258222 0.60577244 0.43746877 0.81323624 0.09906676\n",
      " 0.97556543 0.10276006 0.18209858 0.98374265 0.22240542 0.59476584\n",
      " 0.5401769  0.05910462 0.28391793 0.36690876 0.91474897 0.12803692\n",
      " 0.20114042 0.03536816 0.5824118  0.67168874 0.11932501 0.5793502\n",
      " 0.57304525 0.98919165 0.4794021  0.76562846 0.18425018 0.34822175\n",
      " 0.33967212 0.44772172 0.24586922 0.75825053 0.8040421  0.43176243\n",
      " 0.21539718 0.85527414 0.23845555 0.9446646  0.80955344 0.35018265\n",
      " 0.56018007 0.10218084 0.70970464 0.6078733  0.66517234 0.07672319\n",
      " 0.90623516 0.4580965  0.25130472 0.26733133 0.23309663 0.01946049\n",
      " 0.9864334  0.7730326  0.33682975 0.20054625 0.0595088  0.04369251\n",
      " 0.7113076  0.11326042 0.6375397  0.4866658  0.34747195 0.8462416\n",
      " 0.97260886 0.8165388  0.03921822 0.00785832 0.860358   0.9463531\n",
      " 0.9492561  0.29544854 0.9394737  0.76968443 0.46353498 0.15285736\n",
      " 0.27129802 0.43927354 0.18827765 0.89538383 0.47106102 0.21136095\n",
      " 0.00220869 0.75831735 0.6032424  0.74032617 0.76748013 0.9431839\n",
      " 0.67569304 0.76304424 0.7198255  0.86157346 0.5140655  0.7503751\n",
      " 0.8213007  0.68672633 0.61599237 0.06100018 0.12130172 0.7365509\n",
      " 0.22229744 0.35380587 0.9533672  0.30558428 0.4912592  0.59811306\n",
      " 0.74507767 0.7627945  0.84544104 0.3197706  0.02802148 0.9410308\n",
      " 0.7819853  0.2782807  0.8608761  0.2433054  0.63129854 0.7704168\n",
      " 0.61534125 0.8093639  0.00529939 0.3219727  0.1006166  0.63146645\n",
      " 0.90161437 0.9131021  0.9510484  0.21623121]\n"
     ]
    }
   ],
   "source": [
    "input1_buffer0.sync_to_device()\n",
    "input2_buffer0.sync_to_device()\n",
    "\n",
    "print(\"input1_buffer0:\", input1_buffer0)\n",
    "print(\"input2_buffer0:\", input2_buffer0)"
   ]
  },
  {
   "cell_type": "code",
   "execution_count": 16,
   "id": "1fd7648a-d8e8-4bbf-bfd7-767ebf382566",
   "metadata": {},
   "outputs": [
    {
     "data": {
      "text/plain": [
       "RegisterMap {\n",
       "  CTRL = Register(AP_START=0, AP_DONE=0, AP_IDLE=1, AP_READY=0, RESERVED_1=0, AUTO_RESTART=0, RESERVED_2=0, INTERRUPT=0, RESERVED_3=0),\n",
       "  GIER = Register(Enable=0, RESERVED=0),\n",
       "  IP_IER = Register(CHAN0_INT_EN=0, CHAN1_INT_EN=0, RESERVED_0=0),\n",
       "  IP_ISR = Register(CHAN0_INT_ST=0, CHAN1_INT_ST=0, RESERVED_0=0),\n",
       "  A_1 = Register(A=write-only),\n",
       "  A_2 = Register(A=write-only),\n",
       "  B_1 = Register(B=write-only),\n",
       "  B_2 = Register(B=write-only),\n",
       "  AB_1 = Register(AB=write-only),\n",
       "  AB_2 = Register(AB=write-only)\n",
       "}"
      ]
     },
     "execution_count": 16,
     "metadata": {},
     "output_type": "execute_result"
    }
   ],
   "source": [
    "baseline.register_map"
   ]
  },
  {
   "cell_type": "code",
   "execution_count": 17,
   "id": "7d1ae04c-1cbf-4704-81df-3355d9831268",
   "metadata": {},
   "outputs": [
    {
     "data": {
      "text/plain": [
       "28"
      ]
     },
     "execution_count": 17,
     "metadata": {},
     "output_type": "execute_result"
    }
   ],
   "source": [
    "baseline.register_map.B_1.address"
   ]
  },
  {
   "cell_type": "code",
   "execution_count": 18,
   "id": "bbd7ca0a-5d34-4b93-b666-3861e4aa3ccb",
   "metadata": {},
   "outputs": [],
   "source": [
    "# Write A address (low and high)\n",
    "baseline.write(baseline.register_map.A_1.address, input1_buffer0.physical_address & 0xFFFFFFFF)\n",
    "baseline.write(baseline.register_map.A_2.address, (input1_buffer0.physical_address >> 32) & 0xFFFFFFFF)\n",
    "\n",
    "# Write B address (low and high)\n",
    "baseline.write(baseline.register_map.B_1.address, input2_buffer0.physical_address & 0xFFFFFFFF)\n",
    "baseline.write(baseline.register_map.B_2.address, (input2_buffer0.physical_address >> 32) & 0xFFFFFFFF)\n",
    "\n",
    "# Write AB address (low and high)\n",
    "baseline.write(baseline.register_map.AB_1.address, output_buffer0.physical_address & 0xFFFFFFFF)\n",
    "baseline.write(baseline.register_map.AB_2.address, (output_buffer0.physical_address >> 32) & 0xFFFFFFFF)"
   ]
  },
  {
   "cell_type": "code",
   "execution_count": 19,
   "id": "3e4027a3-8730-4b80-8527-59efdfa29e3b",
   "metadata": {},
   "outputs": [],
   "source": [
    "input1_buffer0.sync_to_device()\n",
    "input2_buffer0.sync_to_device()\n",
    "\n",
    "# Start the IP\n",
    "baseline.write(0x00, 0x01)\n",
    "\n",
    "# Wait for AP_DONE\n",
    "while (baseline.read(0x00) & 0x2) == 0:\n",
    "    pass\n",
    "\n",
    "output_buffer0.sync_from_device()"
   ]
  },
  {
   "cell_type": "code",
   "execution_count": 20,
   "id": "0a31985d-a026-423d-9a87-fa1f45137c1d",
   "metadata": {},
   "outputs": [
    {
     "name": "stdout",
     "output_type": "stream",
     "text": [
      "HW mul (baseline) exe time: 0.00040793418884277344s\n"
     ]
    }
   ],
   "source": [
    "baseline.write(0x00, 0x01)\n",
    "start_time = time.time()\n",
    "while True:\n",
    "    reg = baseline.read(0x00)\n",
    "    if reg != 1:\n",
    "        break\n",
    "end_time = time.time()\n",
    "baseline_time = end_time - start_time\n",
    "print(\"HW mul (baseline) exe time: {}s\".format(end_time - start_time))"
   ]
  },
  {
   "cell_type": "code",
   "execution_count": 21,
   "id": "6a16ac6f-d11e-4494-ac76-0f4a03cb8a14",
   "metadata": {},
   "outputs": [
    {
     "name": "stdout",
     "output_type": "stream",
     "text": [
      "output_buffer0: [3.9279084 3.1039655 4.1853027 2.8830185 3.873336  4.378223  4.7326217\n",
      " 4.588159  3.4636571 3.6638973 3.9186416 3.6965895 3.421141  3.3724768\n",
      " 4.014292  3.7285287 4.021714  3.1778238 3.1120675 3.071842  4.8963313\n",
      " 3.9254022 4.2092586 4.93524   3.6664724 5.0157113 4.1621675 3.8125217\n",
      " 3.1665807 3.7588637 3.6238968 4.243137  3.6950822 2.8541021 2.1257539\n",
      " 3.000378  3.3196027 4.2195373 4.196434  3.8719769 3.0201466 3.6634176\n",
      " 4.511312  3.0823462 2.9815757 2.684285  3.0478976 3.9241526 5.2735224\n",
      " 3.9837186 4.2105517 3.8908525 4.832039  4.7179127 5.7005653 5.741692\n",
      " 3.970955  5.234434  5.2574325 4.516695  4.5996237 4.5395036 4.683468\n",
      " 5.2904067 5.052246  3.9539995 4.1605897 3.3926418 5.600199  5.2507796\n",
      " 5.250977  5.900766  4.3091836 5.3253207 4.826858  4.3935075 4.5209384\n",
      " 4.933711  4.744346  4.9076123 4.975733  3.8815567 4.26949   3.4243462\n",
      " 5.286382  4.9039297 5.3616066 5.7883987 4.584634  5.467802  4.504118\n",
      " 4.2044215 4.1483536 4.2911296 4.2576    5.0127616 4.5730762 3.6420147\n",
      " 3.6748803 2.1047182 4.3654184 3.802989  3.7206504 4.7383313 3.4098332\n",
      " 4.3401403 3.7563574 3.1138787 3.2261353 3.8554676 3.9112659 3.3432584\n",
      " 4.709586  2.6689763 4.215701  4.01825   4.2971573 4.2922053 4.537379\n",
      " 6.653094  3.724413  5.38315   4.532836  5.0861707 4.317401  4.4168305\n",
      " 4.765489  4.4297585 4.3972545 3.458553  3.2894764 3.5618598 4.590705\n",
      " 4.4164743 5.266807  4.4748244 4.0658917 4.615462  4.585014  4.293606\n",
      " 4.0235844 3.3793094 3.4572482 4.964195  4.0760937 3.743615  4.668492\n",
      " 2.9614787 5.400819  4.6510825 5.14185   5.293897  3.7362761 4.3596253\n",
      " 4.807382  3.9712658 4.033919  4.2040215 4.4761705 4.625485  4.879568\n",
      " 3.6243298 3.5162115 3.1163154 5.2431026 5.5075693 4.679923  5.571518\n",
      " 3.8018296 5.2494283 4.231444  4.0342455 4.1162653 4.774243  4.1466126\n",
      " 4.910438  4.304264  3.141814  3.442986  3.0464869 4.6211905 4.9474573\n",
      " 4.252748  4.7992587 3.3999557 4.2449565 4.2478275 3.6042905 3.379915\n",
      " 3.837543  4.161116  4.417452  4.0162487 2.8433511 2.1254346 3.0478106\n",
      " 4.7807264 4.8054776 4.3605146 4.68301   3.368225  4.5225196 4.269372\n",
      " 3.3909705 3.3049033 4.0329485 3.8183036 4.371195  4.0658956 3.1175842\n",
      " 3.258633  3.1548796 4.31427   4.61018   4.5297885 4.3662853 3.4180636\n",
      " 4.262944  4.080628  3.8668587 3.8011656 3.621432  3.2918582 4.8858585\n",
      " 3.990751  3.1545372 2.9539976 3.013624  4.36244   4.3293934 4.2400217\n",
      " 4.3761196 3.174876  4.0480165 4.5120764 3.1089704 3.2972057 3.5726416\n",
      " 3.731804  4.4996133 3.8040738 3.0353162 4.0022483 2.4151616 4.553205\n",
      " 4.2820725 4.017103  4.997507  2.750936  3.890058  4.085361  3.0836558\n",
      " 3.2673774 3.6560593 4.0896196 3.5248199]\n"
     ]
    }
   ],
   "source": [
    "output_buffer0.sync_from_device()\n",
    "print(\"output_buffer0:\", output_buffer0)"
   ]
  },
  {
   "cell_type": "code",
   "execution_count": 22,
   "id": "a7329011-413c-4c50-96dc-5187abe463b5",
   "metadata": {},
   "outputs": [
    {
     "data": {
      "text/plain": [
       "PynqBuffer([3.9279084, 3.1039655, 4.1853027, 2.8830185, 3.873336 ,\n",
       "            4.378223 , 4.7326217, 4.588159 , 3.4636571, 3.6638973,\n",
       "            3.9186416, 3.6965895, 3.421141 , 3.3724768, 4.014292 ,\n",
       "            3.7285287, 4.021714 , 3.1778238, 3.1120675, 3.071842 ,\n",
       "            4.8963313, 3.9254022, 4.2092586, 4.93524  , 3.6664724,\n",
       "            5.0157113, 4.1621675, 3.8125217, 3.1665807, 3.7588637,\n",
       "            3.6238968, 4.243137 , 3.6950822, 2.8541021, 2.1257539,\n",
       "            3.000378 , 3.3196027, 4.2195373, 4.196434 , 3.8719769,\n",
       "            3.0201466, 3.6634176, 4.511312 , 3.0823462, 2.9815757,\n",
       "            2.684285 , 3.0478976, 3.9241526, 5.2735224, 3.9837186,\n",
       "            4.2105517, 3.8908525, 4.832039 , 4.7179127, 5.7005653,\n",
       "            5.741692 , 3.970955 , 5.234434 , 5.2574325, 4.516695 ,\n",
       "            4.5996237, 4.5395036, 4.683468 , 5.2904067, 5.052246 ,\n",
       "            3.9539995, 4.1605897, 3.3926418, 5.600199 , 5.2507796,\n",
       "            5.250977 , 5.900766 , 4.3091836, 5.3253207, 4.826858 ,\n",
       "            4.3935075, 4.5209384, 4.933711 , 4.744346 , 4.9076123,\n",
       "            4.975733 , 3.8815567, 4.26949  , 3.4243462, 5.286382 ,\n",
       "            4.9039297, 5.3616066, 5.7883987, 4.584634 , 5.467802 ,\n",
       "            4.504118 , 4.2044215, 4.1483536, 4.2911296, 4.2576   ,\n",
       "            5.0127616, 4.5730762, 3.6420147, 3.6748803, 2.1047182,\n",
       "            4.3654184, 3.802989 , 3.7206504, 4.7383313, 3.4098332,\n",
       "            4.3401403, 3.7563574, 3.1138787, 3.2261353, 3.8554676,\n",
       "            3.9112659, 3.3432584, 4.709586 , 2.6689763, 4.215701 ,\n",
       "            4.01825  , 4.2971573, 4.2922053, 4.537379 , 6.653094 ,\n",
       "            3.724413 , 5.38315  , 4.532836 , 5.0861707, 4.317401 ,\n",
       "            4.4168305, 4.765489 , 4.4297585, 4.3972545, 3.458553 ,\n",
       "            3.2894764, 3.5618598, 4.590705 , 4.4164743, 5.266807 ,\n",
       "            4.4748244, 4.0658917, 4.615462 , 4.585014 , 4.293606 ,\n",
       "            4.0235844, 3.3793094, 3.4572482, 4.964195 , 4.0760937,\n",
       "            3.743615 , 4.668492 , 2.9614787, 5.400819 , 4.6510825,\n",
